Date,Total_cases,New_cases
2020/01/27,1,1
2020/01/28,1,0
2020/01/29,2,1
2020/01/30,2,0
2020/01/31,2,0
2020/02/01,2,0
2020/02/02,2,0
2020/02/03,2,0
2020/02/04,2,0
2020/02/05,2,0
2020/02/06,2,0
2020/02/07,2,0
2020/02/08,2,0
2020/02/09,2,0
2020/02/10,2,0
2020/02/11,2,0
2020/02/12,2,0
2020/02/13,2,0
2020/02/14,2,0
2020/02/15,2,0
2020/02/16,2,0
2020/02/17,3,1
2020/02/18,3,0
2020/02/19,3,0
2020/02/20,4,1
2020/02/21,4,0
2020/02/22,4,0
2020/02/23,4,0
2020/02/24,4,0
2020/02/25,4,0
2020/02/26,6,2
2020/02/27,6,0
2020/02/28,8,2
2020/02/29,12,4
2020/03/01,12,0
2020/03/02,17,5
2020/03/03,19,2
2020/03/04,24,5
2020/03/05,31,7
2020/03/06,41,10
2020/03/07,49,8
2020/03/08,53,4
2020/03/09,70,17
2020/03/10,85,15
2020/03/11,111,26
2020/03/12,134,23
2020/03/13,182,48
2020/03/14,225,43
2020/03/15,257,32
2020/03/16,294,37
2020/03/17,346,52
2020/03/18,391,45
2020/03/19,438,47
2020/03/20,502,64
2020/03/21,538,36
2020/03/22,579,41
2020/03/23,658,79
2020/03/24,728,70
2020/03/25,806,78
2020/03/26,881,75
2020/03/27,948,67
2020/03/28,988,40
2020/03/29,1012,24
2020/03/30,1090,78
2020/03/31,1141,51
2020/04/01,1191,50
2020/04/02,1244,53
2020/04/03,1287,43
2020/04/04,1320,33
2020/04/05,1363,43
2020/04/06,1416,53
2020/04/07,1457,41
2020/04/08,1529,72
2020/04/09,1597,68
2020/04/10,1680,83
2020/04/11,1721,41
2020/04/12,1745,24
2020/04/13,1786,41
2020/04/14,1830,44
2020/04/15,1860,30
2020/04/16,1887,27
2020/04/17,1929,42
2020/04/18,1944,15
2020/04/19,1958,14
2020/04/20,1983,25
2020/04/21,2009,26
2020/04/22,2057,48
2020/04/23,2077,20
2020/04/24,2108,31
2020/04/25,2122,14
2020/04/26,2133,11
2020/04/27,2157,24
2020/04/28,2179,22
2020/04/29,2208,29
2020/04/30,2218,10
2020/05/01,2239,21
2020/05/02,2251,12
2020/05/03,2259,8
2020/05/04,2278,19
2020/05/05,2291,13
2020/05/06,2319,28
2020/05/07,2331,12
2020/05/08,2355,24
2020/05/09,2366,11
2020/05/10,2369,3
2020/05/11,2389,20
2020/05/12,2404,15
2020/05/13,2425,21
2020/05/14,2449,24
2020/05/15,2464,15
2020/05/16,2479,15
2020/05/17,2486,7
2020/05/18,2525,39
2020/05/19,2569,44
2020/05/20,2605,36
2020/05/21,2626,21
2020/05/22,2653,27
2020/05/23,2670,17
2020/05/24,2672,2
2020/05/25,2680,8
2020/05/26,2712,32
2020/05/27,2750,38
2020/05/28,2773,23
2020/05/29,2817,44
2020/05/30,2833,16
2020/05/31,2843,10
2020/06/01,2877,34
2020/06/02,2903,26
2020/06/03,2946,43
2020/06/04,2983,37
2020/06/05,3019,36
2020/06/06,3032,13
2020/06/07,3050,18
2020/06/08,3088,38
2020/06/09,3135,47
2020/06/10,3198,63
2020/06/11,3248,50
2020/06/12,3306,58
2020/06/13,3327,21
2020/06/14,3340,13
2020/06/15,3401,61
2020/06/16,3498,97
2020/06/17,3590,92
2020/06/18,3691,101
2020/06/19,3802,111
2020/06/20,3852,50
2020/06/21,3888,36
2020/06/22,3995,107
2020/06/23,4183,188
2020/06/24,4331,148
2020/06/25,4468,137
2020/06/26,4604,136
2020/06/27,4715,111
2020/06/28,4776,61
2020/06/29,4921,145
2020/06/30,5107,186
2020/07/01,5293,186
2020/07/02,5479,186
2020/07/03,5560,81
2020/07/04,5603,43
2020/07/05,5701,98
2020/07/06,5953,252
2020/07/07,6245,292
2020/07/08,6534,289
2020/07/09,6816,282
2020/07/10,7061,245
2020/07/11,7241,180
2020/07/12,7360,119
2020/07/13,7568,208
2020/07/14,7920,352
2020/07/15,8305,385
2020/07/16,8645,340
2020/07/17,8945,300
2020/07/18,9115,170
2020/07/19,9204,89
2020/07/20,9420,216
2020/07/21,9730,310
2020/07/22,10032,302
2020/07/23,10278,246
2020/07/24,10527,249
2020/07/25,10655,128
2020/07/26,10742,87
2020/07/27,10918,176
2020/07/28,11218,300
2020/07/29,11491,273
2020/07/30,11732,241
2020/07/31,11992,260
2020/08/01,12165,173
2020/08/02,12249,84
2020/08/03,12418,169
2020/08/04,12721,303
2020/08/05,13054,333
2020/08/06,13299,245
2020/08/07,13559,260
2020/08/08,13769,210
2020/08/09,13880,111
2020/08/10,14104,224
2020/08/11,14436,332
2020/08/12,14721,285
2020/08/13,14964,243
2020/08/14,15220,256
2020/08/15,15376,156
2020/08/16,15447,71
2020/08/17,15636,189
2020/08/18,15903,267
2020/08/19,16073,170
2020/08/20,16236,163
2020/08/21,16403,167
2020/08/22,16540,137
2020/08/23,16600,60
2020/08/24,16756,156
2020/08/25,17045,289
2020/08/26,17272,227
2020/08/27,17472,200
2020/08/28,17663,191
2020/08/29,17802,139
2020/08/30,17858,56
2020/08/31,18006,148
2020/09/01,18239,233
2020/09/02,18466,227
2020/09/03,18635,169
2020/09/04,18811,176
2020/09/05,18901,90
2020/09/06,18946,45
2020/09/07,18987,41
2020/09/08,19176,189
2020/09/09,19381,205
2020/09/10,19527,146
2020/09/11,19659,132
2020/09/12,19743,84
2020/09/13,19776,33
2020/09/14,19899,123
2020/09/15,20125,226
2020/09/16,20275,150
2020/09/17,20450,175
2020/09/18,20581,131
2020/09/19,20652,71
2020/09/20,20694,42
2020/09/21,20817,123
2020/09/22,20963,146
2020/09/23,21102,139
2020/09/24,21217,115
2020/09/25,21320,103
2020/09/26,21374,54
2020/09/27,21412,38
2020/09/28,21508,96
2020/09/29,21651,143
2020/09/30,21767,116
2020/10/01,21889,122
2020/10/02,22010,121
2020/10/03,22075,65
2020/10/04,22118,43
2020/10/05,22202,84
2020/10/06,22353,151
2020/10/07,22483,130
2020/10/08,22611,128
2020/10/09,22724,113
2020/10/10,22812,88
2020/10/11,22856,44
2020/10/12,22992,136
2020/10/13,23142,150
2020/10/14,23286,144
2020/10/15,23445,159
2020/10/16,23555,110
2020/10/17,23621,66
2020/10/18,23661,40
2020/10/19,23801,140
2020/10/20,23998,197
2020/10/21,24148,150
2020/10/22,24281,133
2020/10/23,24430,149
2020/10/24,24499,69
2020/10/25,24554,55
2020/10/26,24709,155
2020/10/27,24896,187
2020/10/28,25057,161
2020/10/29,25163,106
2020/10/30,25209,46
2020/10/31,25227,18
2020/11/01,25233,6
